start_hour: 22, shift: -1, group_size: 2
temps: [31.27, 28.824999999999999, 27.195, 26.274999999999999, 26.094999999999999, 26.004999999999999, 26.105, 26.824999999999999, 26.855, 26.600000000000001, 27.465, 29.100000000000001, 29.84, 30.805, 31.605, 32.340000000000003, 32.57, 32.515000000000001, 32.090000000000003, 31.840000000000003, 32.134999999999998, 32.394999999999996, 32.530000000000001, 33.225000000000001]
[(1260, 1380, 97), (1380, 1500, 112), (1500, 1620, 114), (1620, 1740, 112), (1740, 1860, 111), (1860, 1980, 104), (1980, 2100, 96)]
