start_hour: 22, shift: -1, group_size: 2
temps: [20.975000000000001, 21.945, 22.045000000000002, 24.420000000000002, 24.18, 23.285, 22.050000000000001, 22.234999999999999, 22.085000000000001, 22.48, 22.484999999999999, 23.364999999999998, 23.050000000000001, 23.204999999999998, 21.965, 21.954999999999998, 22.550000000000001, 22.254999999999999, 20.829999999999998, 19.984999999999999, 19.130000000000003, 19.064999999999998, 19.579999999999998, 19.77]
